510050
773097
522288
498367
877001
841024
706464
180698
852002
615123
779397
748604
299660
652786
246473
56069
41221
581649
256385
24986
78083
657728
32786
676031
978256
879170
988779
578209
704729
17574
25399
14033
389673
921239
9657
676154
502620
60289
544159
406880
696662
138377
958618
16549
797507
234835
73479
357935
440200
146503
75574
345969
806750
116186
792927
557140
437333
572575
401373
991537
809976
630361
631467
168040
751210
921571
751302
987409
805514
504174
742218
429850
288637
290365
154918
416085
715270
566846
300924
762683
721843
250246
813774
405848
900863
299358
638866
136120
651199
324186
792353
691870
534874
182598
332640
72496
462509
624287
18147
111663
120109
484297
561159
701141
953895
623007
984601
925576
504061
922345
451848
458268
570401
195520
736843
438157
681651
495500
842712
663740
974162
970318
505591
232981
984333
32928
850556
308273
743978
652531
271259
622002
837801
178047
501545
342175
910033
716177
413967
15159
458099
90858
514898
965272
881016
418672
470859
755460
748168
508506
312582
449248
565481
165883
603731
743390
460316
422120
364707
702741
753508
738918
404525
372887
679774
53230
465186
558631
845247
731993
861016
293394
680235
785434
984455
718633
865394
184136
867375
833866
28244
907092
436003
468579
103547
743533
192592
639787
862465
994226
836679
418212
306878
689001
295947
523450
973161
203988
208916
415771
394624
432272
12703
672493
831885
983361
843985
814811
978770
539070
669245
375651
503788
231775
199039
732410
455680
517230
344282
635333
492830
986448
109538
564830
422247
189878
392779
544743
159455
258028
469756
781617
275585
754327
489178
729831
948129
795378
621326
36479
730985
251721
228355
684107
133752
768640
379073
310650
456215
793446
489626
502715
291245
720658
871859
562884
475368
616418
72158
594408
592851
88264
376168
837721
559369
177666
949678
11926
903966
302906
302663
853797
810442
60595
133390
378481
493687
259620
166540
419561
749510
934475
90094
135885
284241
337203
674123
513523
94184
257901
902891
999906
367590
417792
109385
448409
487617
472718
690374
628247
462861
501153
808440
435616
59618
262517
498372
189111
427829
517300
499660
944207
888586
862200
418354
405417
410018
273645
838690
250426
415740
953444
168095
822324
92671
692732
570681
146711
436484
684266
358264
433459
27169
571464
732863
363690
219598
680781
879855
124920
391193
683904
417650
975774
406104
208628
965914
561493
953476
687044
532806
216513
119556
191697
667251
753245
242817
78496
259617
289557
844296
776293
101356
123063
649977
121255
696805
721020
278213
974012
685325
817235
139779
560970
256582
113248
616107
47094
123236
127367
292265
706401
433967
988748
471988
747605
117058
265908
812133
294999
297117
354875
407082
253277
70279
402352
631729
760648
292356
43003
436378
326808
229025
454748
497956
569198
822724
562145
648282
279053
450186
934860
273020
586402
208763
99532
562272
36144
637143
847916
283291
510380
119835
501531
729244
808312
995071
239324
274493
665807
314632
3200
547863
528164
224804
508028
462491
240407
982169
618881
863586
608198
891302
147080
701005
223998
963761
208333
114078
314415
102025
882291
317019
764497
305135
161507
858461
771703
63605
479781
767353
676856
908531
159364
846826
41276
220772
874257
547247
605885
4213
688664
87954
627745
135002
511558
423584
704933
667215
314875
428727
136173
673909
381884
840336
240215
22460
346942
742337
323728
171555
516107
693339
803252
59327
169733
641270
756859
782025
517284
236053
971462
315714
544554
153161
918655
710659
713478
693804
780107
427708
974015
725975
533000
374794
29136
370732
432414
297955
716280
259162
89422
206959
884923
660203
883792
42272
381118
113546
754123
760396
446179
181817
671908
445907
178337
178351
670726
750399
652317
18297
390235
505004
920704
914975
678383
505937
306302
642296
692281
654211
198682
183368
867737
224756
195581
678537
327948
540950
200573
65272
911680
799922
420504
82493
897472
624632
102559
95366
514795
235997
21960
285130
502350
781043
47730
499409
301197
789651
652298
843079
865149
917441
246746
444865
768509
37002
14814
557733
449466
214418
835190
835974
216244
338219
788561
346791
211604
765191
743734
533900
128340
379077
873091
510803
893776
917309
585188
495578
612689
76064
359003
198397
536726
263778
124096
497115
423638
312822
510403
987495
192451
747599
215931
292379
282481
803921
332452
689706
598769
733997
86675
759694
580177
831695
555195
585466
257519
478936
301089
123263
117649
53765
215938
892035
912358
496570
579523
534725
604664
343032
52396
908556
387471
126799
805275
87617
207392
228347
427345
431980
121532
800281
439607
961757
788828
332549
159763
352356
583611
220377
509209
628956
592327
163945
322953
429084
46938
890302
885336
933515
413125
31374
963299
407541
16526
99479
473000
843816
226213
913535
320102
60371
389505
220353
963840
963078
665327
135478
716739
566961
203270
729546
95263
564241
931919
867639
646073
548055
449529
158982
741274
55086
743357
106510
871786
417613
734460
853647
690952
897524
35049
42916
902521
201585
907608
566028
430849
440853
219143
254661
897420
672793
890819
900488
683468
118618
636143
231170
604102
352577
35808
79153
993498
369013
90909
151018
180722
603283
249338
666739
33756
373797
526329
106079
449418
244321
102471
874328
424281
265194
470516
744143
432840
23522
36171
422267
766765
507669
62813
231792
172515
758680
960412
431452
723306
609924
747426
389333
715860
95631
66060
749141
806252
516194
83478
611409
989877
196474
610060
883155
99536
363857
524974
407190
641579
705829
556973
96907
46707
926283
791623
976086
456163
313652
386362
300831
959419
436547
840225
251288
470794
803600
91107
529578
439192
877915
806316
61718
513062
856772
609894
867257
420732
956288
998702
330278
48451
393990
295316
492509
863917
25538
196403
294439
927619
176426
806187
414739
691226
827465
122922
175756
961941
934822
239586
226505
289434
956148
555806
200841
453352
642007
575347
694597
373569
476548
762793
453550
754106
848022
38324
773660
146699
483469
760707
400038
957467
456578
503628
976601
956193
455765
360663
366775
137844
976406
987627
554285
128464
747073
779065
842118
519541
559531
386883
851783
195914
218582
381838
768466
976900
152913
249883
912817
498029
149916
949485
553042
126428
299942
520860
290883
403420
82236
531117
564101
512682
907484
133867
369736
732908
81253
172053
593980
500712
706977
309804
297488
14959
843484
74258
875732
713705
190875
86686
603877
996908
764816
580774
520516
436723
431232
894740
794202
217724
340211
765778
468721
625016
90219
869968
634483
152971
629983
577305
964565
177527
269474
719691
748878
444327
488299
519375
196855
428698
55504
160727
751400
874387
827919
181143
510141
384212
108138
855372
73797
688302
419771
895584
364146
65064
268268
66431
934155
237881
445557
698328
623517
270803
335691
489693
819199
569093
805581
596081
672397
282306
782979
283746
783098
109365
789342
662154
551448
648439
369364
221562
98550
689739
849201
572330
319999
496817
390134
295305
78458
818270
526070
58972
142252
948753
685896
143039
640448
330763
763650
910677
887551
527425
38891
662522
589338
603456
150103
361023
322855
897155
176690
634325
489389
478705
798254
970464
74748
122102
802255
377689
557069
666129
272888
592501
300296
92045
214
173883
204354
96363
356068
265191
862988
21582
411242
143653
468194
125286
607758
395353
325071
475974
157437
632090
957567
392948
449263
750211
301277
174951
879073
866663
663417
691359
345236
66268
793680
512737
778937
359199
294594
101106
714968
59131
361027
634378
512118
606066
96868
968780
219336
926644
569608
807714
776872
755874
57757
876956
42662
551108
547351
864130
75850
322170
695409
930964
855771
325718
781958
788859
698197
538828
737498
672170
687728
747858
630297
655546
623333
452907
101331
390409
338354
503256
354973
74297
845405
373653
998700
358322
628729
913815
930745
901417
613136
268953
666944
850768
424241
801820
740878
765149
90785
651725
928277
443395
53314
377417
298207
165291
15417
564045
716144
920948
780274
265582
512443
24044
984212
938210
302921
817132
576073
931456
51922
572118
273497
423316
551101
736431
389738
949991
54529
168120
299836
36519
874503
896804
889593
882641
414968
113272
427837
400707
939110
882030
10706
511573
714264
901350
642025
888315
973139
288200
811693
94933
243013
833188
714025
642068
799754
220122
21763
326875
209269
138679
721616
136597
5517
545522
280151
51302
978192
967813
18952
295242
97519
75327
502239
889210
537702
899957
751934
571669
113069
842967
341845
67802
435356
144552
77325
935896
196871
306562
404252
832008
31219
440284
914558
602351
498769
204001
376147
994430
388910
366792
236297
802480
611468
585238
312255
828997
35759
469156
3247
857980
263283
510429
490126
160149
828992
259069
941868
782241
34517
770404
282120
853219
449182
37030
400149
483231
256013
761489
771979
464428
332393
544330
341872
114806
401327
165105
617289
403052
544660
999604
634276
543575
971541
251323
608602
516437
115001
918816
326976
733601
361815
833637
337481
356040
19218
141417
586844
959928
817131
89011
139720
193996
756566
377207
6826
537626
932927
679964
725488
118667
930365
77981
490447
543395
702324
656659
287515
686090
448642
750564
635588
827093
33652
778871
780421
777781
804712
204558
259612
899818
434130
246043
937186
47659
138676
587145
736495
891555
154572
444026
381205
327085
264020
385464
100932
413955
817807
960365
663343
475476
905182
715232
354105
90283
362059
421692
621982
718468
231262
767245
982598
221579
748950
915796
817418
257557
852017
859869
697894
739916
423286
881009
314797
252951
113828
285020
106003
907509
55838
413729
166570
956339
383449
843144
911378
39871
283513
199925
339847
290104
208656
568244
58320
557567
665226
297688
10167
647450
241995
797716
366457
592280
741816
917084
196030
69388
659434
818615
399309
154588
917795
734696
764845
898994
21928
453068
578722
513569
113619
720879
946917
419430
557848
827687
342587
614328
315264
168010
843853
231623
761216
128178
130673
164254
75685
569358
147228
330726
731138
42845
219326
192699
743046
437999
502278
992727
804102
17310
169104
822052
284606
927215
495238
526233
259101
3672
263106
871613
349167
474674
561632
797635
914816
183189
699248
508100
957147
844003
348080
3454
517300
649030
289631
99326
973867
406849
33581
140226
298329
468499
256748
711334
869640
816875
883453
295856
922134
952254
87204
111462
848031
943332
718558
535855
115286
17646
754663
611264
884883
76452
47680
510257
588078
298630
433411
923890
687032
169616
657020
229417
52033
230437
496032
869973
869464
224854
477479
255833
261743
128054
248201
115725
91591
618710
692282
775338
36305
133179
629879
789607
500734
286824
265121
512623
796365
79121
519625
248412
715075
737708
268511
596723
767743
676229
997804
910176
754889
901089
976286
419173
169813
427485
898410
165305
187767
972295
658878
835589
336827
438126
878525
593557
295521
920139
247809
994010
306359
923972
793032
490974
411647
971975
381955
743674
430363
735691
30189
36042
777283
914754
557528
739336
755496
456050
55514
92025
904556
780974
707432
95646
776382
264057
549616
37169
202435
15829
993863
13990
109932
102855
10595
828439
405105
831284
425898
222093
473783
623916
612452
178960
135155
726614
408758
532620
268392
683207
803911
184057
167611
696397
572561
711964
244372
517082
748051
742087
248354
193587
207277
337637
431656
636045
38848
91848
938456
787675
596943
179041
108902
327573
469569
751060
28365
111838
277515
136654
756008
60489
483901
837495
167970
372489
261477
830911
116647
191645
789356
62176
464796
694897
942667
637578
481112
137417
238186
23343
567471
417597
844326
50243
765540
271388
859444
462633
635346
197892
859573
313768
301592
723479
429576
366115
292719
7993
58406
268718
96507
178137
432893
558611
904997
26450
502472
150893
860806
691539
534598
650692
919761
444630
229996
281003
698361
107409
99402
458535
859930
120140
964196
291013
790307
864685
720160
58753
269670
651806
48292
2300
138728
715437
698185
964211
698201
773254
938004
487795
74402
186920
577988
994954
272743
101253
449492
709477
697105
222692
994417
301295
454110
325503
308415
233296
501405
207412
985494
137190
506473
847170
487607
454542
61560
602274
634974
85392
127583
935511
231599
216339
927739
920195
672385
62637
645382
493913
287983
576441
791532
766053
976241
311982
292124
625625
639197
769619
857044
118024
307512
974955
355426
787572
22735
223693
844195
795939
436327
102503
641481
814888
808955
300190
654863
601582
324495
140713
20284
763969
667613
386184
789024
70912
649008
310054
352498
443422
45663
535237
791362
671257
214619
63050
255916
317797
719009
509705
129108
630097
233738
164966
990925
610290
320846
304406
599656
573225
476244
315646
246497
96893
718479
45317
485557
769596
795368
873587
117912
805814
491277
196397
573197
612777
42044
767282
74885
510224
912335
214179
604775
633880
879876
471472
588996
755015
222813
623763
887551
131199
247110
819592
90522
374409
589803
97753
461396
111152
801313
879481
153849
150564
687379
713987
680292
304900
947661
765475
632179
340987
577330
180213
867976
976253
295430
798777
415513
724089
607189
307724
755837
463842
218192
935385
880411
808288
623028
403509
424747
27733
975885
266967
488195
302364
139617
563645
152910
200872
794826
910509
114171
800825
895462
949610
463211
472910
911849
32406
823499
676501
878133
269661
915894
152098
6913
630173
147710
963818
893602
332251
661212
285677
224603
176889
814658
641718
318928
784576
192859
174837
272048
426462
859653
912238
585856
510477
549433
966979
436811
443362
60001
925106
348896
45043
550692
9406
110107
576425
783106
42023
234471
235800
839852
452066
775757
869101
160285
213240
645626
868182
100992
837034
868419
575167
159654
672002
326186
468908
102031
959445
155430
799347
176779
378220
84397
326158
465304
432342
416572
317261
874416
959105
125513
487018
442656
167601
883253
597174
209285
270300
734629
664152
629462
41507
188375
972494
733879
687276
16882
85960
512056
663653
121956
991359
159370
878116
450147
307622
830383
283379
927832
705260
486432
21923
455805
335497
639079
242802
551196
512013
297640
600147
764127
173371
207027
69262
363039
602718
163539
522153
148979
532410
869143
669421
941485
602908
335
813606
914860
581946
52656
192138
380870
275344
221513
524694
861060
570913
515905
439945
102771
555382
464996
148900
554203
509296
690169
173816
861739
456548
289308
926971
154505
451240
881432
535869
937274
683639
238070
916393
149350
515739
79262
48635
731319
192219
828721
308598
320057
641633
751055
121329
555161
450539
648348
775380
348435
414875
882541
429979
560835
301742
87070
346408
793998
686603
604669
622317
452998
461042
475904
184330
752770
150366
895305
859354
572769
69490
565516
328105
497517
514925
675507
187213
749165
531832
994775
407152
49839
126458
382732
434210
508283
56381
97001
635131
436482
12186
830214
722264
582020
217221
472246
408355
931691
395641
386583
864565
738757
282551
363242
743610
660500
296785
84487
881570
168361
624176
876690
455064
987566
103769
907430
701049
72024
941704
857820
246573
284024
794613
856856
641345
837983
777639
138087
874428
936225
271682
314009
658837
809665
787363
851083
305455
778873
249252
246147
546042
244272
146880
776837
576502
998038
310812
106551
464439
763961
839635
127888
490339
132801
677205
466673
578125
834296
670987
36888
225073
319557
40676
737975
119568
636816
785071
845518
403071
156633
18394
598268
53273
988368
383101
654916
186952
204340
945553
696829
964257
192583
660800
374220
236368
520501
936943
212510
489172
696830
33712
865020
706244
123449
782266
221036
372637
786523
771427
425897
198418
354828
559968
660685
348342
358993
651113
127477
457313
403764
35645
625481
225574
500253
955932
236597
207783
543681
156912
386306
60735
916869
456624
309082
638847
200687
707067
658410
594464
114187
726613
905005
272697
476908
744074
140882
291490
775323
643568
107876
116800
17100
483133
440538
139777
760258
814366
340360
767325
626026
732201
910318
647288
270313
403389
102530
925131
704839
914045
952420
636697
893065
926697
192251
936360
20665
713698
963226
75384
376634
467870
64271
492954
534251
590469
401760
796758
621934
445269
941821
957173
11507
662347
596685
679291
838527
371881
691540
299632
872835
499069
892768
571087
746361
434833
78205
374024
892081
325389
807925
21511
419996
92921
4809
123785
728196
913664
556683
363959
3001
753967
320504
325220
522932
690083
318286
137308
394252
363062
758364
20499
236639
559233
157426
162920
368923
326356
709021
29861
752787
775399
251195
378850
629706
514136
851783
281900
575019
71242
474073
886262
334638
338469
193811
841380
925125
855784
67301
106787
300709
21660
257615
178809
266120
661212
871885
615131
959353
695422
589378
849733
86491
992005
483323
821615
746071
709168
91190
372905
193955
183982
642235
284290
395369
894296
713942
407249
652905
151575
123672
918353
919262
152797
63404
943866
465000
775598
183173
600636
496420
454266
591766
282714
580154
327523
450016
374099
514316
153847
893937
474418
50507
845448
988416
278407
865266
754866
920673
925449
63297
639668
251354
839354
340918
577811
882798
778921
862140
980734
19249
180181
272971
253162
41473
725363
204605
647994
940390
812912
648514
578651
797380
721271
276829
361495
552868
816668
204275
737571
716148
805590
754343
430117
739090
378529
634308
426148
495488
676404
966085
843843
560413
296637
295625
667930
965397
252118
852510
3800
541605
456222
9480
679374
146306
34690
482125
374269
154461
688540
288939
364189
454811
569901
986652
871360
512661
943454
325590
256400
140897
448751
621646
217506
529482
240637
814286
857934
436281
821689
19021
635800
955364
500108
76384
719250
731248
348736
479282
115706
641666
330158
150891
391040
73670
472432
92367
517204
218816
366363
500914
198316
848762
186557
760944
885699
54437
75374
421153
581928
464973
940930
468368
252440
380921
197164
22385
863231
162756
787517
99395
712852
869702
472415
230560
115771
245005
623658
836992
844062
369093
921369
852980
308034
793296
755682
78000
59579
192357
427514
212273
121971
932495
267870
116641
506011
290856
252994
668698
376163
556472
732367
829245
761607
43073
794237
905404
990592
998139
543727
599498
437307
404996
888940
545294
928945
586160
357212
650047
359866
394399
73567
78931
133179
280553
986064
755630
593718
465742
941377
15656
884236
831642
866788
277162
916708
239328
40598
84404
779680
791490
281122
447288
934295
935990
802861
169107
865782
919081
752195
504178
72410
726657
690760
66650
722866
8117
100156
566036
838509
112173
533445
980389
418506
302852
554535
237460
262140
3715
896946
599361
145358
808643
122334
435695
447893
195789
828346
641465
940758
92840
737629
142433
1039
125832
260252
596262
19381
586057
598787
136780
865944
559073
369646
204701
213551
137081
344014
74592
512873
38448
721325
654449
968718
47325
741167
584127
237261
113770
152323
480738
724468
121650
21401
228583
737203
258600
528984
819309
861845
137260
588090
999831
357678
525809
555732
405443
108421
628451
653214
635260
278425
566420
410504
114966
132997
320524
889777
200894
538477
689393
346687
733192
159137
68201
271702
342820
771819
659528
816096
240730
193793
281853
822914
710360
178314
866095
264389
728414
210007
173803
11502
819311
124979
23984
997941
923463
447921
4561
892689
655451
980371
443266
150688
658547
209291
602688
573842
704329
804425
551323
761011
325435
255886
919257
695353
881567
44137
739116
356264
236811
512149
374565
668580
635718
478132
556877
725458
936546
469448
798253
364772
224533
625967
961695
535881
692514
795430
283803
64966
176604
10042
125284
324606
294349
664497
659169
256491
171660
317420
5122
416016
33057
855582
650141
772670
314378
20803
870480
967221
120333
42757
392408
746611
455576
294523
256541
64407
420424
864284
772087
882548
182334
504282
865588
778820
281164
567950
60609
383257
522591
255581
650754
408925
783635
494176
331553
121900
676934
343689
566226
22350
702054
536763
457034
289844
241684
774774
535828
502902
476483
929705
533509
162912
308610
551547
858195
547074
900848
879255
749603
772191
266330
635514
277786
19946
890452
707050
386356
403486
456921
347585
32791
650689
977600
336447
251838
517734
490700
469291
869470
3448
780247
957597
524717
943592
954436
563852
863371
352531
547734
513873
612519
1006
616120
392521
84294
299193
621866
464945
49170
679672
446052
390557
911824
647059
814205
263872
528675
452042
368915
558443
15074
281162
510574
945671
742673
144275
97863
782458
702160
735626
597916
993389
706653
119253
365351
491553
437732
90149
56344
33131
479615
412753
939902
667112
47228
62336
867672
999431
705909
962915
462063
461868
479925
164967
537847
298177
528242
17657
521983
406610
260648
374041
890693
853865
824513
910248
622087
986418
956674
795608
735302
716869
149863
752421
696992
315104
297485
629063
368070
256808
75493
395539
342632
526720
291781
496642
947905
595394
256252
101161
756363
750614
102552
329651
232008
744753
879920
975140
6639
107892
407092
591008
309410
505915
722919
80946
145540
70724
206945
350320
519859
493854
262246
143600
592130
212608
777340
975569
971891
418428
312478
498421
783740
886842
345652
307567
228504
82232
200744
476929
799059
714189
540236
434774
667217
368752
342842
810936
919433
220472
702872
384415
643422
85597
681116
928846
344493
368329
20736
535158
363060
202048
616663
924375
650785
72770
109523
921370
902843
580937
603735
207305
176913
603356
635160
438078
402354
918992
79446
42076
902946
532810
669847
77751
534930
163763
895654
877962
77695
883933
608888
542898
441616
984673
501121
819345
340217
565331
962334
704601
299713
551660
60084
456267
427364
903990
436367
480477
464683
621774
718033
638109
755687
794523
892829
164287
915177
321281
674114
738838
121560
838955
236053
431388
552309
773038
727747
395028
363864
621351
646291
558304
967166
34020
744835
869537
558723
33650
724307
441592
677381
310745
264156
574583
295027
262558
250898
592431
823522
782563
341283
429532
334756
312141
406514
295054
403839
546705
603744
512949
942161
327014
534253
128297
269749
394489
444924
902497
213095
614953
802558
221092
154212
3148
838784
710380
611742
581522
533899
740988
736999
651559
298979
831257
710960
224562
918124
879033
992014
684952
911256
447807
967911
567011
8720
564684
690205
691634
353423
569333
222160
547688
608944
478684
797284
261103
34479
441674
935415
454161
573743
628464
943238
3453
428182
750255
702560
604768
849321
737031
136799
575643
67608
181451
692647
770870
477352
709318
649502
412557
71929
974394
126195
986312
799174
465158
643147
413744
346960
134636
559500
228128
111937
94677
248012
136466
226265
227535
162624
399053
386109
693519
352141
68340
47053
831328
709493
669765
516143
211710
418671
428063
783802
19831
907569
180617
484646
414702
559900
244263
557267
406441
952608
796018
464761
425274
188928
499029
388793
777795
772741
458482
605660
224101
571529
250660
836000
309318
726296
166035
241824
768779
476695
79078
24065
989384
977151
895011
330706
76050
320437
126267
393561
941875
321545
945060
285174
404099
450447
249769
759527
367952
132574
283529
15634
290537
524376
939710
239965
454004
971030
382711
983359
669141
583582
898264
605060
563681
322324
240900
98099
450790
928461
385347
973364
928392
367452
103480
939558
885478
41359
457226
870405
723836
246092
649510
473912
856071
247668
762510
149377
577124
575431
934422
576295
532493
144431
585275
975907
954975
524882
510241
303315
157584
215962
366387
231831
419886
605084
182563
510556
722827
5414
836375
831251
189323
139170
360984
779327
429194
922875
775479
794279
607478
564650
170294
763260
589878
506250
277469
789120
38031
569222
291781
910613
964664
411829
346141
502924
636606
611958
51829
229848
62256
196062
290455
464150
147114
831645
229458
315808
844289
939254
69552
425922
115914
204492
388527
348065
197171
183745
32355
496659
574711
433363
582105
698283
982759
51705
207970
74492
433312
80628
697248
846978
226366
617830
670331
716872
583019
412443
190164
96298
793185
589419
409183
167865
624447
456112
228462
423038
359404
163342
331286
99265
785023
857464
530547
450826
659483
356163
328642
253667
603321
63026
340027
17049
811743
124979
604521
683570
7051
418259
674877
792516
158383
329807
901355
599581
875123
82975
996413
7161
216448
498522
474220
185049
693018
937366
53831
72837
173558
742632
635542
574845
326726
207041
494198
582159
924473
952394
79178
718240
300467
260209
580169
151103
143577
798281
458181
662690
755552
130104
971502
952303
201683
797278
483614
476351
833771
648120
543092
622806
848331
557692
622449
815523
699948
692449
931070
556020
107288
251293
752573
458241
574907
861899
845831
500265
435519
1945
532415
243621
777703
56700
450222
278490
6516
989311
296866
770672
201916
182057
43051
2024
609277
276647
375147
732371
833592
136435
135107
718004
684508
235806
180020
508180
260885
15223
257727
948851
711798
340395
145396
263303
762775
439377
414862
675613
482324
234562
884304
142697
276935
508041
427454
752436
248374
805386
306563
840467
134619
224059
728297
512469
989063
331642
44148
415958
163719
663829
70201
548635
81774
411109
586893
746044
374704
292196
222113
518891
386875
526095
57775
539781
295394
915357
173872
369167
175877
205977
289657
664657
693909
956502
8721
958521
938436
990830
468384
474341
195587
360588
722367
470998
488112
582556
805371
971868
702528
518503
573529
724691
4197
349475
707236
764656
418554
832506
200161
932547
920764
357080
839880
91745
104004
485003
571404
531264
576200
456352
620849
930660
942721
176780
638710
239880
519632
180548
370884
420405
349667
735324
207940
977725
761786
692766
91453
122523
611966
250099
710365
57666
652142
477198
683493
665287
892094
135427
642825
974181
233895
311505
776070
343477
543487
704622
240977
27369
401668
369093
385842
322325
247063
965238
755654
550229
605485
143571
660133
617365
439302
833621
322882
501888
570440
669960
272267
184034
111217
648100
793799
176880
987693
707142
981812
38513
236560
7098
98108
213171
901899
942212
217526
414254
155406
368625
516667
928385
840966
740036
851611
319954
454993
513177
290170
474880
671231
87568
939826
595838
27344
419684
421408
697548
543790
541623
360767
545098
624384
247448
523639
443471
967138
498739
663149
592806
117277
405557
913402
78962
490983
593023
783184
211662
424391
756308
550728
472032
866398
650124
658631
621742
115434
199486
833429
556055
828664
88673
945016
553713
158081
612351
343208
588753
5640
102523
269972
266926
307241
208898
622355
820558
562601
739714
122570
478745
533774
140170
973641
73025
624338
562584
308142
481760
832539
407440
659125
133577
59101
55418
123721
453727
251920
134792
424061
398066
305900
768010
81500
635565
28105
191549
996553
862265
547506
111997
942657
518573
254256
777165
795263
712535
387622
516234
278379
593886
163975
802351
211865
440321
586320
848644
668503
820907
359356
321908
218039
120818
728272
441196
805836
344737
317173
885389
864964
397823
261757
21798
892593
900200
553368
951349
920080
727911
330226
227266
660467
890654
625965
414128
131963
353203
233656
630259
391591
299491
653659
681719
82454
69434
366676
269129
807582
282561
255012
284406
289733
104359
691916
531642
728989
165420
299889
736603
13610
739445
182938
850891
575857
875200
343734
470288
850258
809271
28896
424198
619979
184236
313276
435693
885231
593159
411746
215781
707291
58358
315714
10687
250878
358717
662694
983727
269099
346184
726527
84333
42532
365156
421264
856593
229747
856592
845747
786580
405841
6708
779839
6368
796102
848115
386526
138814
239193
824593
136440
389200
222631
662673
32554
186929
881981
421306
355439
383187
534159
916113
777197
998128
603626
236119
850827
834155
163063
48129
648818
486594
440166
502033
602342
545981
520879
563570
922359
283922
471898
730536
739196
615402
622822
102617
943666
53040
713387
651246
376364
667920
124712
73617
187018
902813
536958
488607
654817
462038
505012
253533
562169
368709
178993
728281
868785
144929
48982
769691
274916
654485
899804
534011
764284
289561
728686
590585
792979
960578
70424
535297
769758
648275
801033
8272
10074
738969
806812
506028
628768
630448
809777
125317
304753
950158
737356
887166
668777
528531
168073
229046
286233
362338
290264
527628
958146
225061
846989
285179
72215
221406
240403
788733
248906
803153
913614
551616
838431
233358
288986
272592
894335
546054
987818
796655
503132
173193
736027
996519
428529
475682
46591
682730
802386
695351
761021
460495
449933
565127
56414
144428
521253
253841
429273
5169
614737
882729
181073
236157
362887
7464
793362
259817
570340
684781
494652
824831
600436
711709
101094
675011
137376
260229
583871
241010
772667
503245
724482
235464
818384
947737
443216
360570
771189
575896
112721
887148
672446
903396
232488
428420
92984
302069
850428
863869
379554
550115
362196
586023
235852
239218
93990
754302
297818
470297
695172
633063
900652
650241
432758
231559
131422
568515
803787
725907
155712
406573
506628
517372
912517
290469
372169
363037
23048
34981
669762
87524
888784
980774
643888
105565
284247
354984
372009
183709
141722
992386
791564
795492
452437
660610
117057
421345
342331
947510
431351
143901
738958
884159
758131
585747
885697
322728
315833
933038
51968
853527
310169
485820
827232
349197
94982
305163
154543
148413
850910
24962
93065
836305
437928
151759
224290
79011
955893
285974
637556
531232
775352
684717
489784
72617
390509
775357
121264
291320
152281
149774
680228
392525
291419
929744
707453
450591
410265
979917
692029
667560
677793
61501
500596
854182
920434
43026
211449
351841
722170
374496
160594
603741
557698
247356
980566
642966
407154
891308
121481
913083
487231
505554
562301
635619
594105
645745
867034
437035
8963
678391
888418
528118
803159
359452
782751
477174
416668
978343
808099
837046
149342
995656
213115
406403
714071
178814
292660
103754
840885
45741
603173
63722
199218
49613
884663
840813
820885
912386
138711
673605
806136
928094
391990
731910
754637
106121
4884
294964
175362
553030
488535
757393
415025
23850
795703
120145
954469
676823
547939
53201
621260
550025
236554
320743
795329
746403
800232
601182
928477
489357
55845
926362
272793
206404
462442
669383
211655
366336
519283
42202
189223
576117
654076
671741
843759
79492
53316
764533
311344
485438
104010
792969
995991
330801
490357
316840
902721
961774
636062
566507
749203
700544
46569
6098
578745
334966
569752
654128
779109
967069
113190
656378
640880
692072
999193
37610
52023
954303
530027
86423
388939
463826
177231
917526
830783
937470
839269
335888
710253
986888
685162
773294
900888
800482
295201
736093
335295
299885
587811
858099
138906
485366
283767
805695
655621
576773
500164
37642
554134
275713
807570
151042
234942
554061
267940
263776
249472
746254
387149
77280
493309
469209
93149
380633
746745
235309
72374
537026
800216
588953
255911
186638
939717
227007
706563
801363
92768
515776
174310
671942
327420
469668
444636
577647
540912
533912
187567
150124
639425
81026
488542
415642
187906
739415
364180
144632
108351
535662
844700
659094
316902
27603
600794
945779
455357
678498
270057
598763
836449
978380
676962
139758
966740
187322
392561
165316
495545
762451
893208
345820
352422
632259
921975
553218
488831
992088
36876
814932
582672
765023
324291
516631
901453
755140
948471
519784
855591
918013
670794
748368
704513
142205
624145
934406
880396
42813
809644
637225
298424
107994
615988
573897
448691
694199
696282
530671
315244
480841
362071
318023
798149
459700
525079
859277
206940
106183
437409
64101
762397
834099
825848
390132
374686
880963
946472
201374
475070
255031
980766
470344
19902
422781
164120
490698
495479
469483
289847
181570
203753
194835
737396
717822
707477
818796
347948
61620
320311
968229
519464
331167
512516
466352
470307
859112
52357
188241
732420
750879
15484
313879
374829
113308
149611
827439
786102
315467
925245
964745
678204
126168
743796
379337
581144
781515
403433
536707
917279
970200
661214
963062
305443
140746
40631
510607
263853
969540
464084
532457
517042
896574
386225
614922
250332
114828
426650
37797
500663
229004
726415
524278
127890
808391
308364
362860
537545
917539
204479
887909
622103
340654
111013
964531
766050
546247
527977
204674
228
576274
142569
263676
179565
133641
867930
659045
51465
400010
522979
30141
15848
551544
789695
140461
96000
573251
95126
209618
525771
547608
152943
471236
897821
807331
48439
772805
778567
580077
421585
955767
528139
952357
991873
341666
614545
524229
776759
191170
877366
896740
824961
567002
320103
525960
86147
852049
923192
870623
586470
771654
84253
298822
954887
543572
407643
210519
919595
207230
120063
683315
665247
201705
335854
853601
575560
241848
419059
199418
629191
956404
446042
915662
36355
30397
551151
629111
95627
362392
78061
820117
75393
226351
752844
511669
202126
882739
20012
846589
300574
343742
423118
792228
38499
247288
25703
226035
971252
735010
727581
218970
664990
939546
684186
476263
824481
430292
135642
136515
788375
818931
564794
705150
85980
863284
549439
710869
653302
443689
416028
466548
153890
540983
775238
617830
120485
341679
185181
526053
232823
774538
272705
475245
559130
229461
951248
761777
221006
149228
550953
862786
222988
971413
33887
489317
226265
766303
174882
294211
481275
895810
339647
587148
710472
775914
836884
823570
95736
422100
307690
903803
911298
304406
573891
204925
769304
587598
61785
758004
132124
219954
58886
53569
573339
850653
357323
315277
478271
792541
756557
32433
267212
370614
310124
176847
962358
31962
529786
821842
292837
625088
758050
358888
255605
459528
74064
222918
530405
975380
609228
74061
250972
809345
657107
355038
374256
455807
809502
740407
779283
226501
874681
374417
999597
126449
85279
468501
957503
638839
318536
576153
121200
467057
38397
982895
549385
367858
294552
921554
863457
519211
570183
290840
569737
85091
108788
311514
628546
52339
431543
613856
523161
518279
884383
431511
319270
899231
298696
581766
597383
104883
285527
936107
286804
698372
385872
602350
882198
103272
62788
403958
968741
444097
427801
135558
927969
635984
43877
937363
848079
347354
862184
849618
8873
109730
540415
830629
686964
679887
677686
317264
42686
182507
678314
413747
895146
299040
287168
774060
375373
587037
470889
884377
949534
701057
818497
88858
842450
24360
359973
438752
995840
68615
795427
645457
838489
553839
682507
463198
574856
632854
401673
861936
396714
931546
943585
214840
851542
524472
829086
592689
724198
700313
133985
989164
347189
898854
832039
550612
65047
176642
381171
350407
460234
904765
745344
20585
23832
31691
956558
673263
847609
778256
779151
72038
849264
891421
838674
272779
992069
491710
178122
662682
394011
706749
946069
824383
303420
533308
783716
442955
19119
727943
786217
877939
561266
814112
85977
275325
75544
975031
984365
84732
565093
492162
619868
504587
371677
713991
413113
532029
480337
278716
799811
219013
848553
677074
648176
188117
172718
204103
451907
498092
172692
487564
583512
857404
943583
915598
158113
380984
70630
794104
56126
392406
307139
184856
79052
363440
463756
304594
644285
966791
806149
96989
786487
971646
529640
768994
420883
544872
222109
572974
637742
272149
864978
57460
481381
965682
566111
34705
996848
148006
709387
159358
393415
905616
281148
693021
465277
198674
799400
26707
534202
714387
660485
104915
259472
247602
738598
208606
655728
11374
555205
877619
301556
325982
542882
976140
13093
601399
30813
312490
514508
3201
212994
519748
496620
810246
98898
682202
367252
710581
216733
792085
370892
162393
211387
49714
448722
812362
963746
286287
168253
119842
164167
675396
686390
943070
543818
881660
428158
132995
18703
644256
228028
297028
71171
847847
928240
857330
764176
914933
684518
486478
260778
636920
346978
967587
929630
3043
343580
323590
293990
582387
13307
36069
821582
301916
823900
562084
149170
868446
198237
63667
257995
947135
859197
985115
455402
661599
337142
642677
294536
350161
940479
858090
591403
184770
812222
564092
986924
715051
810867
48845
507175
481932
504130
941818
574885
833598
426411
232446
874670
464935
456396
653920
51338
937024
597804
744741
875262
282571
832429
114316
253029
377464
516335
718910
310743
519943
784876
467267
258960
195900
7666
750946
122878
655642
291890
457937
769237
782638
286107
835665
887987
367128
637121
437680
701093
197838
310180
620839
469705
11990
753877
604784
773030
924667
719100
101324
618973
625264
431613
334675
381007
57456
587965
982880
56899
526823
980179
370313
240648
763134
391427
628107
905045
598115
405044
156531
560993
644104
547179
953180
947826
606401
51016
455262
782053
73212
777243
521839
915303
413578
282202
612470
404216
669785
446162
99275
287610
118283
962514
758424
823306
507596
280982
3556
329053
354414
858826
587481
105220
597740
410006
995816
696697
617289
645731
859264
901347
661867
771644
700809
16617
20921
485552
765927
565535
297093
742375
18069
131753
179493
371786
242302
608978
719997
638731
238075
500360
818881
640697
261588
344592
321664
758664
827959
282253
959982
778137
957775
480591
280081
190805
702312
31095
403485
340593
170816
309468
761963
923377
388615
738044
867775
233730
329797
232768
937470
815710
784219
566338
77926
626381
789175
615334
121503
633782
344003
596220
316147
221870
829949
288717
452316
416192
771122
132772
3113
153629
385658
346642
864592
514128
117721
509902
788240
900361
886167
294992
965551
326686
899752
970822
586590
53685
509055
307498
295264
806501
458483
889538
642189
235391
114959
189846
642440
655092
456349
656639
320018
231865
303214
353173
73765
618973
21716
765566
874676
168018
671566
498640
593579
286072
568172
52534
836638
231702
780449
271514
818287
496045
845387
995390
651513
289157
275592
578012
313465
464725
741078
750169
281561
452571
890034
861744
290927
580364
939837
870169
863234
462597
89640
486682
99938
221707
618071
503307
630349
418531
298324
602192
159031
609831
753682
1766
54390
976414
418666
569460
191579
197623
803766
413846
982516
500147
747559
71591
459179
129536
953317
372920
431710
288884
954304
563902
953635
878877
820938
72721
155078
66059
520269
984728
824687
593523
374271
984822
778014
634791
957187
378546
998232
689751
436039
17373
501200
340869
273921
980257
666767
84842
668733
669666
767965
935653
397899
523923
893259
636064
486977
247858
914759
295786
320933
822869
53518
644591
601223
534008
933675
832128
718796
981597
317989
369007
465140
203127
884922
643679
856181
181051
483915
499443
832643
781357
695410
481160
615872
432995
969641
611769
611625
76052
48959
973265
176137
543707
106583
947426
368828
224119
8837
468646
157581
397812
398435
163936
914457
677365
409590
862809
178142
229488
624229
716983
142738
272631
916183
649361
959620
431223
43583
673012
381754
284197
367758
620951
763368
454638
92485
942926
899191
126765
752472
884968
771819
311069
918508
56293
873766
717422
327026
731686
894994
187122
822466
754117
636608
916142
229385
590718
399034
439241
236623
983127
702151
933186
326920
130640
583547
435055
722521
157054
39557
973475
52879
497641
660739
250247
377794
869287
909453
578359
253670
935251
610122
480887
421544
679946
849580
832373
962895
334307
911831
549988
110438
254260
86610
887860
284401
521947
924331
911380
914531
768523
618499
269172
814434
77086
838618
901209
132631
734791
678520
461395
953238
262643
417481
975737
753709
267124
666021
859316
676337
489127
799966
921093
444604
205118
563788
704894
334818
943465
160073
682153
864529
971661
570094
978880
479119
638701
116481
577256
787899
398556
647240
395089
486705
161523
36529
429582
978881
785137
844982
158535
298614
957471
365561
920230
148986
874210
834172
203466
203701
964222
839689
116335
686390
912838
523000
268691
696535
390247
463640
4464
817207
224808
506954
135376
948100
825274
62976
529714
503183
806283
539223
203441
366889
495223
43557
883405
353872
623480
208744
559579
284175
416817
158273
33354
64310
918480
428165
246946
454680
278596
670033
274321
534306
930475
582637
987225
373277
940222
810697
145464
333139
411245
189807
389229
984215
826408
912724
350902
853226
204183
998783
923859
655570
599642
682406
673245
322930
898083
130163
239579
103302
531279
600353
222195
102027
638212
325695
234806
582423
501219
164151
146916
607780
83623
909953
928150
272971
345428
540074
80483
288785
108906
280745
2090
410458
445946
920452
737309
918386
392809
417763
935248
882425
803293
461936
613329
200370
250099
167816
787560
182104
204500
418495
264230
297568
29519
867735
27181
899817
560879
909499
127756
417618
160314
81073
348029
555932
958795
812807
518339
920273
516977
261948
397155
9500
84404
574094
460503
292047
422790
487385
365588
945182
709183
28261
561515
470996
384936
419131
448077
685948
736222
726387
477444
634643
235372
806416
265796
601414
383319
850670
335812
163347
548388
95090
580957
985011
383100
626650
657564
277659
785630
808542
639467
523548
834319
45867
569030
230094
689782
916968
391745
111138
20556
933696
74080
160165
313302
808037
207138
236451
78929
762458
818910
169880
115575
98031
102637
238213
861712
508879
285857
787362
31044
539135
366022
202657
362063
344695
263821
650532
407297
223576
625394
293156
441867
303343
44647
303666
201103
191809
138415
922825
842101
160925
76690
957224
389257
138866
202431
307147
812246
231018
503387
419532
902800
93170
985473
580955
220141
192955
915390
179930
202920
803523
676422
793726
136541
627277
914406
496596
483454
242993
333622
374366
399272
393983
104927
391676
946901
682374
758537
267023
969001
978317
225459
210547
411278
722183
792832
339332
98867
576118
119498
711795
158703
31438
118773
340856
612352
511931
995811
615407
990202
441428
378093
304846
627875
437991
592689
695963
518464
259679
391145
739115
545846
602704
44343
959343
904518
774362
779060
362524
90931
465799
808792
59629
42429
334114
414975
339038
704783
415166
144238
388788
672734
150564
653590
94958
264428
5553
991320
35370
281035
256807
4936
483859
200123
737781
920903
315187
592488
543026
786320
209013
532326
711823
579977
917151
504547
710195
741936
151163
279173
739841
191142
629677
885650
459960
802290
745952
342153
149608
99132
708170
543264
625082
480390
898235
717313
952676
963281
709596
239152
169789
578689
833278
522284
155906
893678
557935
536933
199258
441732
732197
627179
593785
570084
571490
280119
818581
475107
174303
654069
327797
453266
357183
52777
885223
768460
765384
278350
465332
754873
621268
374738
933236
631501
653723
411330
267580
25219
369797
558855
283514
29782
97331
461789
90767
181827
154020
458600
229398
580923
197631
835136
485127
777087
86120
103872
902309
70303
727081
289688
460580
70946
932105
41409
230625
454867
220278
591064
235603
992637
800169
556099
213849
925767
136153
831251
555630
235560
183492
134195
261692
639943
240037
819925
163669
586166
519656
269083
499842
277381
596597
635958
180168
727891
557632
805614
308791
430663
93304
156153
184192
373702
515735
449148
369744
892804
513597
406596
861039
420257
983539
155999
6025
573869
558463
135515
305326
968965
482436
324129
246006
914052
400202
461062
987322
805551
903748
855660
351202
408791
107580
920997
517142
477985
431199
260592
737764
797523
293112
154015
940802
226962
29327
936531
511803
881399
126592
67825
893331
505756
278868
412182
581164
109120
165010
896703
305924
290916
79654
292119
37235
492083
727315
233093
959091
891584
98607
987682
296918
694751
881708
888751
493280
305684
807025
96586
469238
437145
857359
702923
859931
269817
681935
332129
851593
941224
651
928279
430508
97483
622945
353285
131384
268485
324103
631357
969098
422104
601880
597710
148928
908723
954285
668143
66514
17811
868202
97148
59446
561100
901715
526302
659886
7677
707131
335162
853725
846422
225070
254129
397638
7813
778573
628528
890227
50242
185656
149688
659184
796112
315693
603102
737588
896834
820623
492159
797807
502715
859353
809970
547599
899830
90749
797150
807488
179674
869996
463991
785071
611167
108932
92626
120394
919111
643
925283
671933
744211
270065
203358
584074
737546
160727
161212
934507
924936
970775
324082
661391
624090
58315
814902
601541
630169
113846
660582
235420
187680
909807
715913
220869
512936
951593
413129
286774
182445
928520
809200
362813
103877
568015
154403
848782
425962
130253
424163
433434
681160
269240
863268
302974
701344
376073
366179
921992
608461
691287
312188
227661
874423
836401
851172
967803
320089
627802
399319
780550
317450
249117
616298
435872
692537
206859
954760
303129
44179
368687
664425
655643
140761
527453
486831
542322
135418
223679
366346
75557
308542
336604
79810
585073
5300
140850
975423
180703
204475
311524
659265
793923
603849
457667
988763
562714
276375
479908
494416
675367
511659
598158
110900
889080
190777
432965
343917
612121
67860
857676
659824
513700
846912
306853
457945
451062
226934
962950
440234
687207
458647
68185
880510
667845
465327
911000
632604
203958
853407
809893
749807
201320
152941
230137
669355
35823
437883
617491
559878
399413
937275
987212
277641
966386
431249
61300
920028
806878
155010
488703
766895
204711
787349
834710
442303
874510
957391
695692
911239
621440
373031
328347
632230
56382
273998
974696
732958
161225
588263
354562
189112
373193
271567
845236
464939
953682
774996
98392
411033
26869
425005
431742
125677
156684
66636
606677
485127
298800
772890
582778
342790
129440
668617
820574
316506
172656
338538
358337
15966
526290
549843
285548
847669
520220
312226
811627
162932
539027
850000
712788
127029
716471
950232
62129
293479
395675
16615
23228
806886
101945
301592
770284
763061
788648
985414
711473
920375
546759
421043
484461
129378
65226
628087
761006
520517
214291
453827
334763
597479
366259
954516
853058
982041
835046
350512
59205
466401
483237
583214
894349
518871
962265
912830
566666
265381
837575
556668
562174
94631
991159
432893
798351
485955
733672
604573
160374
622397
538972
792228
618824
198635
102819
566136
595621
175899
581157
811497
614971
499992
82556
733156
20170
885904
306603
331264
363264
540175
263190
851518
752149
559027
893579
856194
586544
139888
948078
82611
687542
777373
356025
929108
470584
725273
28708
101278
477169
108671
519999
893429
856608
291069
888985
667092
337451
82524
732170
809098
336920
987328
576999
581133
873376
188888
311076
225818
995590
848104
923416
151804
95076
307323
153358
50389
76107
699569
574951
535785
416622
489969
913485
741846
700546
239092
719356
4619
177035
110815
41002
997735
360048
448861
946702
723742
667334
585911
486928
616991
904757
664759
525792
357396
492934
565171
831073
520279
631496
339383
245717
604721
839949
224153
11067
428826
572476
647875
378007
758550
109941
752412
706746
121247
766133
119653
147276
646263
767526
570301
371489
54842
774326
519467
72804
841116
717086
260520
893871
145089
294398
417215
722376
327903
683880
726087
673808
390180
737026
931087
816286
634605
318365
264568
541799
72790
734868
5013
307458
51138
173261
924061
640914
990238
865911
513581
914288
339955
239218
104380
772095
252687
189371
898213
48820
725971
53422
787481
639293
687755
284308
89359
535937
564024
288343
36187
30912
15769
903513
537181
650007
550976
883489
945488
58103
553762
85564
263282
109583
834689
701489
160216
512293
663361
934702
648613
885229
673552
124861
66700
514367
772816
242284
186934
255692
35099
721187
690958
386458
921869
512640
837167
735916
222160
353871
41926
688699
329270
37081
722029
251019
543127
926303
249364
442038
296344
889787
772844
881566
130561
411867
870472
693842
71089
86173
374484
581133
798363
799221
549087
429072
810614
332022
418400
968414
444188
557686
848718
996537
945209
616456
279476
731683
995998
36572
386076
298655
642043
323660
299133
899644
907810
657999
317391
429640
750867
985670
671477
342509
470942
425119
681607
676440
508344
857633
354040
844115
218858
102772
544964
806686
292434
703013
401858
330511
257365
719515
157783
534611
643391
584155
632246
49730
799192
733331
107461
950334
503859
645548
864616
245491
897560
120032
925931
341073
63828
701479
642881
569717
342632
104669
609933
202570
368534
423091
870229
767608
504848
850418
595272
5878
303893
265701
42430
778206
801336
594362
199210
490251
431228
225745
825266
9221
909324
836557
75982
790802
498017
848479
318435
812018
610570
159979
329063
697837
359671
242706
979715
806927
315493
823192
891968
729451
945731
134306
311566
564168
949545
781380
318040
536748
159774
381330
148555
490557
851478
73788
674798
794190
617235
390073
591883
70898
133327
897968
647334
243744
580081
954032
592170
324086
334344
3395
821264
870749
227012
156837
58487
932044
3574
455661
744002
521552
232201
228213
422994
738624
789432
81164
812560
737356
387953
478457
993877
659614
123949
777789
847431
431360
752550
905100
753640
981672
953056
388679
640218
131431
734470
58226
854344
868919
532479
974004
869655
571186
177330
194861
720226
432404
211317
214043
343857
744661
443353
408734
781423
442362
883331
281877
218449
737694
865487
33187
712418
853694
539984
354634
35810
152374
656425
392490
177521
270664
933520
572114
178021
798163
453655
372515
74544
276146
841124
354449
156538
91820
872593
196281
848379
126724
566450
127980
91045
970360
955723
585081
873914
57303
274371
186315
179953
550183
677419
820340
879490
226888
237247
403430
937767
825793
584820
590332
200480
267868
61958
321345
108608
389724
353791
863247
835083
748428
251187
189187
105536
75360
398047
312886
577098
143410
620056
361815
912486
814591
153595
442316
417752
868333
163045
195614
19894
515204
320314
229638
430993
543709
255287
819364
865364
533543
784220
573655
829206
12884
5730
60940
6465
277464
667574
323276
525309
155316
946656
395622
43700
352127
491166
137769
202256
379410
201654
835454
103479
379642
95033
643077
323812
530872
203562
372332
193730
779290
281736
727536
913020
691381
497136
492821
743235
397124
426111
969266
91434
338997
71348
443128
954105
68394
761078
273750
870228
901299
601936
193235
294533
1354
616830
723637
161284
165265
516851
969118
645891
258069
474262
384974
655003
314454
294934
110226
883723
196647
761136
653885
555139
971679
305336
982551
92487
363736
675162
371831
866906
127573
502740
413543
661119
842451
21947
98420
258928
198246
42799
263315
440802
903174
313751
342910
402365
183800
579714
600181
951151
981314
429213
499746
93342
787695
744506
492660
614213
129973
99262
148481
246289
539903
242500
1219
207601
859406
294921
818366
612358
609064
49413
205705
20197
881909
378894
439985
139353
773146
327943
927337
769716
121252
572477
902211
171651
610538
648592
602890
175201
717233
866095
418384
795732
528926
62741
107011
812322
739394
169151
850259
410769
627867
527769
538581
719453
709940
485514
806663
107064
913329
346958
508210
654337
939337
954548
363097
561099
621291
115277
225663
727814
797905
54507
784598
224168
529997
694399
518209
399157
614241
185098
347664
242330
379951
369318
549823
948850
975037
747570
922295
677347
235407
871599
756751
771552
468585
406169
506357
698993
832830
793217
795329
567107
399434
312967
353400
330619
740188
582278
874685
82594
479778
355330
266158
729417
867035
947855
751984
19221
307403
892291
186544
583972
250399
164923
59513
999950
227303
697166
445118
193602
204156
521422
742284
486737
661839
708386
139323
912904
472764
832705
758881
885584
142301
385075
359546
882301
315907
710219
893179
719150
806198
751277
868769
978905
103279
840503
385372
901754
288501
479903
594466
703447
88159
622342
595179
841287
912713
815891
512548
179527
382745
863294
871674
193332
276106
467956
8707
665672
883338
337210
161271
22040
321872
521941
556966
493542
196850
576440
69176
528166
154292
281596
16039
296522
626584
205881
733360
290618
18039
6783
216695
538512
606298
498794
283981
730995
440594
823370
19994
744099
290291
141662
935754
702316
197639
19245
933697
970037
570185
95882
258348
431275
772729
123748
9776
792008
685478
840964
58628
966645
136517
956345
11423
471328
412213
470293
351119
797476
608438
880374
670983
159451
869059
169720
872379
672350
205837
252233
564772
747039
200728
590420
915669
632326
782854
746279
156613
934877
722617
531139
246036
830896
90115
21062
885016
287729
993967
596363
309050
170550
26245
603092
948711
705108
56205
679821
879523
408544
24445
497631
21777
542117
715706
78067
279344
434803
380032
713752
727631
667169
985658
117814
947295
482726
162709
64936
661816
188853
227950
842942
978593
191537
330019
76635
479271
37722
654980
378467
71414
691393
559724
323492
955625
620536
263911
876647
217972
811600
549106
833414
236089
862483
371232
507106
220716
253807
787285
828516
877910
469130
94590
823555
627262
409865
418437
53831
469839
386565
60963
541840
167045
173490
546090
515766
756471
24287
29350
636633
519512
490251
197541
104314
690494
541725
183716
34547
402516
861604
813992
112327
505929
610627
826064
854840
544946
132504
657231
34250
805574
718108
634875
880464
331945
52363
230997
560585
133059
100155
458423
728691
363234
257217
46312
111485
720673
521594
735084
991902
135764
691371
199536
260910
421043
827150
321891
604982
927264
903826
347597
415463
130409
142515
748524
338358
853008
936932
985348
871524
187727
792144
14717
659615
748649
733968
781507
984347
671770
596435
29480
374555
237095
239811
782465
753866
505117
340956
323763
923849
440893
582828
428752
542999
750352
778423
193268
438197
185047
23242
620143
535678
729128
718813
744231
738189
622268
745856
958219
428515
590526
544653
787007
82941
545559
162770
287453
149110
203960
260532
825682
344597
951834
991621
730278
17844
643887
997509
208410
78414
162027
377712
905841
556447
434910
902146
886787
771927
676544
40085
543941
576220
660226
58294
385208
341767
60297
693202
763010
132746
262570
174795
549505
334337
24049
935011
268210
395040
677175
174753
117053
446172
893430
227251
946481
733423
272575
292941
963124
231519
740001
453251
698556
487334
472175
637061
729824
295652
903055
259213
937937
244669
678103
779172
97722
296785
898002
644228
222713
48307
465412
11303
854821
881311
738305
748355
16650
995731
472705
745075
189231
738049
405425
245361
576683
279068
275894
539848
710775
265566
515509
111730
853498
757105
907118
16673
757510
421436
635481
437470
259245
746734
911881
714050
498639
882801
933134
194836
478623
927043
28391
419622
130011
11887
746695
952788
644558
376306
774454
936635
425241
212932
243775
134420
75699
342177
278462
811350
689062
713876
120292
853118
411685
503915
677126
362507
474877
266495
292254
705033
623457
807046
592623
934969
26237
809298
208788
690336
85531
54741
64437
582994
379787
997612
460129
590390
947613
82143
534573
544983
471342
443304
182056
629093
501479
991095
900675
566063
592551
373889
824500
22608
81922
747780
635517
806419
412411
667287
408794
602242
287973
68609
61721
456851
207859
478280
201270
928836
91148
98049
744869
912576
102756
2281
563287
793904
706820
576168
833179
878532
734790
404392
227502
509809
183335
511596
560313
718514
842088
946299
187366
761294
784030
992846
782448
172451
874397
703829
405424
145019
132545
332871
177238
285002
77003
339086
519504
379738
2934
328150
839574
218745
176029
944963
562553
132746
421844
8199
919396
910575
364045
979524
896245
593385
900615
897825
726559
243095
394355
225773
583691
166152
835786
249834
460340
769484
86014
331238
132959
850280
241950
764196
480619
446815
51389
732496
77420
626036
840154
288862
461565
596955
864112
417195
168598
261757
513783
876640
663577
389973
314559
797365
64449
575513
468774
995166
778333
312937
172618
632590
462282
439548
357804
669763
423982
762020
455999
337298
594582
112021
205051
64002
716777
494582
699599
712525
817714
660339
55691
307173
666187
125646
84700
749630
981745
535699
673736
558069
970387
888723
325434
502271
312443
433267
431063
451554
183724
161462
620153
227882
555539
780336
654676
837607
960972
93076
300549
158736
753108
173075
345473
822525
170046
411780
741069
761922
880773
553091
655080
154781
241729
678035
221263
764212
605281
830895
544119
71684
964799
53648
318525
138078
803524
682403
840659
88610
810805
247957
319549
575460
599025
345505
860496
237117
295177
415959
67594
313060
575856
432210
491825
383313
395982
728374
341547
616369
171746
481502
200349
698648
935421
284821
854695
85031
605483
432867
982081
938220
343996
164113
377987
153832
406611
810392
125712
747959
366385
40372
341349
684745
265018
980377
700735
326487
836218
33748
12130
29345
659383
300833
798135
261994
472105
673756
726318
28755
178800
213693
696339
26281
50974
349242
867213
937014
658607
925336
710116
597379
903468
352422
181357
690181
894149
140422
440095
1730
296691
808304
727345
564076
907740
914062
524648
509034
150452
836476
258661
657998
300503
687572
19559
539131
664472
908980
283959
336504
375302
448009
218460
634514
633115
944060
532337
453720
545037
170960
318917
905850
298101
939161
287789
707904
513043
590385
614822
42580
711758
228162
255017
315393
435234
259336
842231
835931
461575
432408
563397
224271
901933
831224
888790
820087
641260
119357
505129
457046
814027
297438
572533
907900
335138
47816
578359
357030
488095
990198
891181
548406
213177
163725
850286
270946
307005
834819
817536
965591
991268
326736
467509
423768
384193
612301
995227
396207
242989
257015
70451
103390
644453
439883
790541
26231
396295
626733
648409
194155
11927
970327
366962
363126
516944
453015
367881
303226
387154
571558
156397
337798
331018
694235
503884
595792
734223
342405
160479
488122
545053
99949
340621
112082
437717
592865
789132
940477
496383
785964
976923
220540
736542
191106
454474
519433
594095
983658
250844
57157
209929
283939
522071
862747
933268
286507
282349
660389
679352
866514
242629
589245
272683
826522
989358
298807
920776
134768
507566
89421
314028
862833
107583
273135
322577
384400
494676
32996
317541
344138
642816
382654
530635
343187
676847
279137
927558
160222
360379
171784
682171
758935
596983
381102
950515
104463
447991
787031
914621
43819
585645
444557
894628
876680
801575
758741
653396
866529
267146
85035
15800
611483
294185
282714
407224
312697
340715
735494
143802
381135
227802
52805
836133
257366
128779
62043
112256
167509
654695
347486
737100
188866
159191
331415
543695
48801
726065
293014
392067
451916
675729
167118
80561
541606
251242
485894
281137
649775
588115
987973
124954
900732
880945
158143
99353
61258
479782
218046
765865
404293
268054
299160
159321
191171
636109
664675
152118
757328
119122
210507
355592
593857
901840
473860
482096
569556
60842
669798
225128
349190
344462
808191
679229
291429
336142
335941
7998
497348
391156
844259
586067
44771
857652
485650
774685
159494
737773
678793
893388
897954
900561
177348
127158
892427
441616
187323
924025
124716
937117
918918
274621
431740
313015
186599
170273
610361
700236
956436
399432
479450
226891
19325
565212
617050
709681
662185
580010
166794
251246
657673
194215
295893
249965
136171
15933
279285
151691
765607
434468
231490
77130
712757
709135
455382
83291
989060
418519
729884
140280
987081
27334
921398
709402
884518
490123
142619
368291
846611
830792
24367
34690
164247
312905
820826
670669
8879
788943
112408
782126
846198
939755
775053
164196
561774
255481
887513
41726
118754
512961
923123
110971
554450
455773
572149
825293
281796
54136
204548
244466
499318
922852
349378
995858
363007
945419
562962
552905
21021
326202
257055
180422
40175
117001
713300
434427
126438
219891
107499
915992
734435
937045
162561
961485
68941
448354
540216
658933
722294
221047
111381
862024
561141
955429
141666
78495
692341
188791
94688
129366
910217
166089
186659
346210
779015
761110
718220
254929
230905
885306
831510
321493
926209
257195
584067
36278
759659
339667
836818
604651
100582
486865
948349
237345
637416
768022
223689
751127
978950
786265
251355
909400
822325
185741
443005
67916
587318
268542
361818
834566
359506
241732
221570
757975
11261
532261
398044
214339
100368
712743
301803
790813
779125
589459
196517
693977
858794
149967
813100
919754
565295
699598
203214
38275
310857
765508
875166
611595
463
353620
543029
104567
899158
138946
493629
996373
682937
692770
359122
129219
990138
8813
714201
207914
880231
559150
684696
484709
487113
82521
265623
258792
804524
143424
842287
11486
974073
120741
957186
286096
503189
22467
819452
322729
530920
21909
518884
604112
610623
862954
470781
523936
93116
997222
942609
263987
920134
753314
452055
755771
442446
652525
736102
926605
151505
660042
334996
266741
562804
212483
525820
776455
33336
262530
943393
135675
315110
327849
391790
513683
149468
197297
104904
565368
791336
925076
701835
318041
785358
553914
950222
14074
815529
180642
172636
774406
967865
632362
718009
658748
857863
293676
495345
473547
725636
706830
747296
546841
114871
721988
744887
983184
413691
236477
904159
681733
975979
519953
289304
950124
752511
938932
85121
532359
581006
27128
592092
750088
52498
701108
192883
282880
173296
128906
746603
194050
559423
440104
353931
75654
638677
485275
426417
222852
89857
737968
309772
639504
481771
325925
77556
267858
768617
748010
87122
503899
413931
265150
473960
840958
44699
996385
575381
977492
74305
422723
380708
782597
171833
345997
532439
203279
741153
695630
972330
776834
554108
624541
172783
210582
196704
858866
146188
378480
124686
276059
658550
792208
421238
239282
802182
982105
478665
73
70149
555752
260896
873263
65483
804116
646142
101035
290511
665666
223631
123969
419168
432051
823945
694085
645373
137599
574164
582195
294401
741269
287526
767261
365198
264693
355347
94629
552748
14495
851288
399555
914386
977079
568633
61797
886469
267647
920281
185027
43596
864434
337189
931565
504379
990736
525177
111349
207742
34200
452272
984388
898901
440484
956371
636232
25874
998507
436161
622061
301985
214790
53743
779486
587728
78423
546868
158402
850655
152277
931369
65360
131129
903287
623807
854793
403151
399165
192966
227658
460110
326505
286849
634326
190413
155181
591201
846288
268702
931709
840443
530186
90778
451806
949431
666996
862005
913224
467
184726
402811
181894
638667
625321
261767
78147
696536
165034
452103
943306
8174
825176
870641
425719
376125
669567
907300
295422
743136
328094
902168
659684
853875
979833
544990
369346
452977
971113
970345
397886
471086
700552
995768
905267
533928
185394
524684
450638
812109
308353
560562
564397
637010
976739
72129
699999
864272
415132
605377
421071
778959
912214
486526
118355
121515
958156
571494
829821
466995
266626
50750
416702
489238
450871
479556
241129
400797
616035
876069
960679
983358
149540
545601
340249
673746
485162
302922
604909
204553
167417
704687
556840
813686
139545
61736
863552
407037
153081
287413
965277
693242
309935
805567
144359
743881
619902
258769
214230
195261
871353
202284
430606
369465
797295
881334
402647
155482
70765
860786
675152
873719
103650
565849
516649
930412
371600
915985
929721
853433
101457
486268
627907
826524
287986
342940
772540
630003
280925
107499
529485
47791
586618
28321
621081
861957
86668
569597
575170
289219
330475
978087
503918
703019
770068
348667
71750
141185
386986
617978
138948
779686
949500
628104
90442
964572
877348
868582
79850
976655
622051
320988
21117
546870
727522
936999
683839
129144
437302
167250
842291
356555
238280
437671
1849
201615
703224
417676
149273
537112
701192
399023
957765
756070
723535
346385
661077
834006
982511
204838
493274
519052
170877
927063
261016
872937
2504
243103
89987
696341
598382
553803
300340
983036
955278
793580
607118
785568
493350
90263
493198
804605
196096
984633
485631
150374
190127
949038
690039
464708
992379
610008
151803
125631
447327
22747
639840
854869
551927
169902
403420
581137
90657
432605
776766
644360
387510
224481
923308
838249
6019
125634
48359
228049
198703
776611
788538
368882
714787
494976
301136
727077
867450
382551
285086
36982
490056
947391
771774
645998
43530
664948
158662
479526
718390
187929
407149
329767
227757
182177
593057
556599
751517
191868
99558
813146
891857
208457
991221
955465
957594
439742
133417
459588
478922
970306
445605
886488
715006
803000
515508
740650
881133
503990
336212
909907
298669
48437
22490
185816
825723
311871
59785
239600
524981
615618
832368
302763
796490
907819
216962
178062
859463
622555
87431
20356
577637
753382
670689
29184
434145
772676
87646
658265
399620
842325
693348
457822
568741
368215
71987
536357
286564
608520
612495
967565
631975
328752
581022
174051
205210
665194
739428
819494
232932
930052
48746
607527
27327
484064
899500
349876
656680
819884
210162
543858
140844
565075
738964
829398
255744
418846
222427
754274
640992
889618
444406
699364
3259
489618
854973
292818
533479
557876
82167
697249
334511
860959
813533
184778
133771
668312
716840
395077
619658
26142
704921
22677
152499
329248
646632
680336
296669
956831
522267
868265
743098
800562
218118
433443
188985
434740
502486
450484
586815
262539
185442
413176
356788
689108
947368
485954
813433
101827
123328
661092
455076
581639
183367
205690
316790
353817
208271
837280
613187
562363
263587
201083
21453
96490
197314
800952
394249
207875
960353
368602
591191
654219
871355
32974
327888
409179
806720
705495
800894
743518
99092
897635
905568
770782
871036
861347
235154
617030
145503
634855
980146
114835
428493
798304
2149
322481
344465
866797
184767
771333
641142
559501
959618
872097
932468
710793
285244
550778
693446
988768
910078
946002
838629
660898
663844
19874
751829
681776
956349
752810
140192
456144
502800
131631
310469
827621
86239
779970
309056
116350
694307
147927
363059
895101
67745
698742
968459
193103
957437
934908
629665
890468
732814
432
534248
650470
440946
237868
640823
532466
392139
124409
352010
180246
507333
541646
697240
612779
976587
23175
981149
559337
990449
480573
714738
662105
733197
925283
708047
184624
46869
476999
452162
900998
498754
544038
843667
368384
632627
245836
455706
446844
688270
772083
228406
578050
85821
110457
422725
475338
840664
779378
661546
969534
655999
707402
688765
637806
976608
623430
791247
489941
995398
69029
108866
396533
114921
537758
761413
563697
902671
755868
349643
991163
79045
185210
409301
781598
194926
496168
987900
570330
439628
128940
272379
587000
631462
707546
694568
895093
353740
719114
597261
184452
750480
522169
621841
28413
954613
636691
718776
417859
879920
686565
297402
117853
902754
975272
524935
297729
803563
144953
267511
651421
681424
479797
752402
340274
301385
951123
874618
279629
942219
307147
407369
466801
149990
953996
705775
207890
404517
940031
935056
566592
22311
944206
765237
249880
834033
170057
235609
865917
14340
54742
546623
560681
430214
874091
81399
630763
289224
454523
604635
348052
316056
604420
872905
935088
365925
877863
639899
76775
455193
12163
517987
375830
316247
945809
470898
694677
242634
867031
935687
361391
636571
772572
805083
355837
456608
580258
342429
175016
414784
739520
667193
926167
795917
231163
746901
354123
730463
166252
659333
39054
509891
805657
851967
494871
79612
262155
631932
376106
58855
155063
233572
778944
769662
338445
729302
77441
331835
936011
615561
987359
890715
915166
953737
907981
498766
44827
997883
699956
307858
19977
258710
39988
99951
964288
463076
735123
965614
397623
735710
9867
46523
460401
704995
166797
460026
582591
36346
843130
502657
51341
137209
225318
352223
287166
726701
830868
223047
948443
831431
565348
388256
332052
633414
659976
450474
579499
895912
132063
495922
662771
482188
126683
772900
670001
508626
698201
646194
534217
24785
843736
428455
560238
655201
485959
855139
612526
700203
43469
760662
119594
730986
717869
114577
799665
878570
579544
239806
719359
802738
237532
743311
892450
802621
907899
580805
992959
990291
735990
294637
138355
188974
343573
570110
168357
160016
101891
828655
952101
936720
616727
568535
463163
536624
712214
651709
465750
267299
949519
549563
907231
435407
427992
737567
996853
303399
75855
750120
330798
40870
664587
272114
447554
26559
475521
759215
410890
947805
136173
645207
975318
432047
182479
938030
121636
89065
849585
415768
956760
359135
699619
158241
871215
863560
409411
904256
856420
219416
756079
800691
203226
802544
686494
451580
833447
423865
629702
225021
608591
488321
650594
395670
501239
933396
139739
676042
308143
906608
65748
763475
779926
666132
827569
296341
419182
817616
416523
814843
464369
470755
713861
688773
791812
741582
232404
548284
162040
252521
165109
716340
123891
47858
755131
948171
762199
884593
231142
279972
72160
636611
729999
505322
827371
828665
811279
711615
164733
817682
173145
231506
708723
237317
189508
868166
3837
616079
899722
46024
271430
283890
767714
408760
397124
409148
642098
841934
308242
716634
21094
705017
305603
768759
594623
645609
148976
9802
27651
558688
801969
290342
154926
652720
972894
113395
541641
335362
459813
355514
483001
748402
294387
838047
946467
718454
932330
267881
94905
520737
331403
950093
212707
31425
35601
533516
649140
71203
166940
154446
18266
518853
239218
126405
816943
48277
24467
22304
131148
920089
915997
755640
521222
561453
717904
827482
850493
484965
612382
170188
698633
832682
983929
675992
496590
228284
214266
664929
256424
55772
581539
980689
772379
889497
53740
102936
153151
83284
756597
430771
537457
490471
562486
219599
421453
868772
30919
546485
564892
189730
27009
243346
895334
890137
47917
14635
954257
229597
758249
342308
317301
453305
918368
110560
144512
427320
995516
157110
524960
508380
948627
110428
935883
94361
806892
152422
394527
757586
623371
368356
153942
797311
165288
153793
138809
8132
450402
682641
66239
853645
723384
308422
168441
846528
962728
161448
325835
289921
594940
5389
123892
984145
180165
677030
43247
465382
95605
678599
426319
504824
732933
184717
491352
837284
709850
635424
969139
942335
707527