554001
894609
648448
290474
937706
163031
863012
606423
204982
211235
561356
544914
475300
127595
159562
814132
430728
954910
509031
703105
867179
149412
129035
759259
374662
422247
578896
545689
700839
835700
118653
95314
82197
172656
372376
61775
232611
866343
563234
5327
483392
809071
389198
782766
641700
745970
379212
271115
804503
132872
726242
447361
717508
478576
405036
448498
173847
215065
140426
137454
480639
266442
605295
324043
504353
379909
422738
944924
83781
564248
97690
116584
520113
74988
9950
244470
945610
102678
475739
814100
270464
201996
360059
662972
857184
461322
655676
147313
307320
829115
391018
43484
428698
65591
689160
401603
348792
402622
397835
231782
621187
333655
6694
454857
955189
808845
496726
309417
767238
935635
187886
785604
403279
873310
524544
60374
753201
953044
171889
413493
607159
359373
10237
99363
538871
911014
147712
340396
160106
554387
292782
535571
641473
533683
521541
451750
650434
273750
704980
341436
64671
818793
581032
997100
926761
516041
450180
418588
483803
507685
520199
864405
990232
725664
352741
288456
340169
49516
453856
913050
742370
383382
813773
49245
449010
265737
12961
898726
624367
972001
210280
986386
111268
559536
152476
498884
342926
950079
707244
638297
563491
702405
860554
523738
390198
750701
75463
628486
634644
519654
813644
397887
399793
832638
711827
540177
418913
898775
179532
464165
704035
312858
15460
563429
838108
596579
608234
466968
269002
791133
979431
301001
68654
142866
359658
742051
476814
628803
10968
55073
876053
386873
760622
456094
570841
155869
516059
287330
442358
146095
716396
78898
38642
539124
646416
359095
54284
745447
263153
303488
948139
372413
426546
75424
4342
175142
409295
739993
323108
712917
961588
312891
472933
75741
264889
496825
696599
538618
576902
324112
247257
874032
17544
924362
292159
110033
489052
225297
819975
814846
700731
771240
482875
546132
603570
520468
805408
694729
924908
307577
962519
697493
335714
593136
134696
766169
809150
273392
314808
243163
300463
147413
317538
514290
584397
452591
927145
631281
566493
619992
976590
272514
313543
329460
216620
941127
8869
604854
891919
773949
609435
28864
114746
224015
871576
565318
800713
372588
51889
953334
834885
72548
73716
194391
758705
968302
74670
189799
84248
418779
881006
467007
766822
710253
384579
332577
351265
160637
56896
119747
9061
922949
924808
113818
725687
355063
967243
543455
748282
703471
102386
374953
996436
239010
604968
763675
345121
923064
949582
638105
835389
543272
941188
974535
598772
384994
248420
838901
259045
971837
790557
836373
851500
30245
723221
736948
942706
730632
199672
360363
923216
1976
961449
768026
379552
929074
517234
49970
471996
492264
966475
311478
278329
101101
161559
911878
785027
847994
488148
40115
984027
586849
222926
304497
845008
287206
65926
2805
76926
576256
892327
673692
147416
464782
195233
761261
495131
779345
649355
800790
437582
655552
299759
811540
866660
373602
423945
66399
221739
532606
370048
134121
143760
181304
876580
255510
853675
460567
572748
971869
327675
895138
794436
11637
556870
453647
67341
567374
573489
340255
731310
163608
41104
965010
11407
463683
58644
331982
248721
67954
24632
812359
776521
386990
742436
162169
911246
227095
111649
188626
514303
238535
528594
128693
571785
269091
506110
119453
703755
112628
869134
361629
754860
470095
168924
387766
89297
283822
644027
911292
715798
28395
49498
994071
382079
210158
48299
72966
696119
377309
903821
118716
805475
834381
84607
454476
620316
672026
973968
467066
482676
965182
356671
296741
13596
586476
246141
973478
670886
104758
100875
315742
774496
883600
351865
501891
117785
322707
906947
515159
384192
871130
882592
492302
493292
130963
115068
955458
774959
736609
911060
678181
77227
999822
599360
823097
316134
53504
958017
879080
908599
280814
462390
209167
963756
838897
779348
716930
912935
784484
785929
787896
993391
994543
240698
357415
831251
637366
305027
670582
222185
391506
132745
411891
661178
182642
862826
903126
953391
288901
671760
339626
273176
635636
527899
401992
947997
833537
468111
863361
861250
336851
552140
893477
401372
502443
383746
64180
298722
192877
429136
815042
315662
687716
104256
793661
796866
509965
20248
480493
639444
944684
573981
747334
903305
129864
259596
848133
67495
566521
442214
206486
156856
677650
11705
961882
729034
520604
680228
368776
433799
755739
34970
435373
18391
272492
814535
845319
130120
82509
85476
580217
561213
335536
324199
311005
264197
366760
633966
241373
486542
27849
430102
140772
18728
967454
189893
599575
296751
144346
953354
589669
171352
104807
155806
318458
272489
845551
166045
719862
3774
665014
710984
177486
747596
646403
365526
429852
277188
435295
286961
483723
889733
557435
53900
606847
167239
236795
673153
832356
440373
148610
862011
511821
209101
791944
318124
895733
133775
115510
332839
853786
520223
618738
229850
995694
75758
663208
866961
373745
255350
668004
553252
932768
800434
327265
38015
629844
878078
899920
739768
623056
213126
160970
269949
129924
895479
211608
95643
158524
320493
211323
113842
139598
3558
842563
856452
505807
292627
474224
760527
913391
641913
207051
113919
838890
692765
887853
386753
104609
365876
446184
793320
197477
89218
724111
59225
689214
585746
118037
960809
360314
640319
829796
948476
205517
320302
747506
459623
301081
187355
672296
703550
252720
308716
693007
761715
330712
307513
717417
656639
28161
734531
904325
743612
20911
286051
200807
923780
811971
919687
266674
408643
87603
655544
42428
740069
704823
768485
77106
501011
386010
9965
494332
251168
788568
920106
878422
448514
610181
925144
178562
137491
16002
106079
88437
775975
888431
846800
873081
826056
648151
790063
261166
494178
113131
646654
172232
950739
705313
267439
531849
863105
154906
101093
974144
411286
166119
19844
905677
78950
980072
490350
419387
107466
582445
691330
823344
60188
114790
870667
615445
532927
38491
641528
326055
577999
301399
388315
440295
933909
847847
801365
397204
565267
697794
166891
110863
726353
31661
490287
139871
594596
633785
54924
729474
299001
374865
297333
855902
62615
625730
922518
201459
724291
904967
814949
883812
351521
47425
362742
487140
574052
189801
959989
588441
662136
768371
625303
704616
376582
492813
439286
214258
908692
245893
94094
302349
87112
197761
379386
382807
577817
373180
166564
527533
302812
436570
686008
300110
172894
881219
925181
494248
190868
962292
169537
268037
935424
83524
547844
910742
171062
629184
708961
691047
302939
662477
977571
303682
803728
750158
684018
487753
937896
773276
209589
141273
701481
386424
380363
755953
777478
615521
36619
264062
436504
286176
724819
821593
203592
508016
568333
304312
562212
446651
648679
315185
144425
547549
221580
679622
291718
638464
111453
488095
590898
264767
666510
403927
166241
959111
163421
992788
484877
529931
629386
154061
73201
330306
508484
94540
456250
41902
829729
935334
276000
100676
602909
398182